image_width: 1280
image_height: 720
camera_name: usb_cam
camera_matrix:
  rows: 3
  cols: 3
  data:
  - 324.0544793557125
  - 0.0
  - 622.9429624001867
  - 0.0
  - 323.5867045702873
  - 337.49323244493405
  - 0.0
  - 0.0
  - 1.0
distortion_model: equidistant
distortion_coefficients:
  rows: 1
  cols: 4
  data:
  - -0.017456474252681292
  - -0.0009637284183639714
  - 0.0001244009372478386
  - -0.0003185065104838195
rectification_matrix:
  rows: 3
  cols: 3
  data:
  - 1.0
  - 0.0
  - 0.0
  - 0.0
  - 1.0
  - 0.0
  - 0.0
  - 0.0
  - 1.0
projection_matrix:
  rows: 3
  cols: 4
  data:
  - 324.0544793557125
  - 0.0
  - 622.9429624001867
  - 0.0
  - 0.0
  - 323.5867045702873
  - 337.49323244493405
  - 0.0
  - 0.0
  - 0.0
  - 1.0
  - 0.0
